iterations,1,2,3,4,5,6,7,8,9,10,11,12,13,14,15,16,17,18
cell,"('status', 'runtime', 'area', 'delay', 'total_power', 'cell')","('status', 'runtime', 'area', 'delay', 'total_power', 'cell')","('status', 'runtime', 'area', 'delay', 'total_power', 'cell')","('status', 'runtime', 'area', 'delay', 'total_power', 'cell')","('status', 'runtime', 'area', 'delay', 'total_power', 'cell')","('status', 'runtime', 'area', 'delay', 'total_power', 'cell')","('status', 'runtime', 'area', 'delay', 'total_power', 'cell')","('status', 'runtime', 'area', 'delay', 'total_power', 'cell')","('status', 'runtime', 'area', 'delay', 'total_power', 'cell')","('status', 'runtime', 'area', 'delay', 'total_power', 'cell')","('status', 'runtime', 'area', 'delay', 'total_power', 'cell')","('status', 'runtime', 'area', 'delay', 'total_power', 'cell')","('status', 'runtime', 'area', 'delay', 'total_power', 'cell')","('status', 'runtime', 'area', 'delay', 'total_power', 'cell')","('status', 'runtime', 'area', 'delay', 'total_power', 'cell')","('status', 'runtime', 'area', 'delay', 'total_power', 'cell')","('status', 'runtime', 'area', 'delay', 'total_power', 'cell')","('status', 'runtime', 'area', 'delay', 'total_power', 'cell')"
(0X1),"('UNSAT', 15.505813598632812, -1, -1, -1, (0, 1))","('UNSAT', 10.464906215667725, -1, -1, -1, (0, 1))","('SAT', 18.95208740234375, 22.5264, 0.105562, 5.392509137891e-06, (0, 1))","('UNSAT', 7.824382543563843, -1, -1, -1, (0, 1))","('UNSAT', 4.084160327911377, -1, -1, -1, (0, 1))","('UNSAT', 5.32561993598938, -1, -1, -1, (0, 1))","('UNSAT', 4.616411924362183, -1, -1, -1, (0, 1))","('Unexplored', None, None, None, None, (-1, -1))","('Unexplored', None, None, None, None, (-1, -1))","('Unexplored', None, None, None, None, (-1, -1))","('Unexplored', None, None, None, None, (-1, -1))","('Unexplored', None, None, None, None, (-1, -1))","('Unexplored', None, None, None, None, (-1, -1))","('Unexplored', None, None, None, None, (-1, -1))","('Unexplored', None, None, None, None, (-1, -1))","('Unexplored', None, None, None, None, (-1, -1))","('Unexplored', None, None, None, None, (-1, -1))","('Unexplored', None, None, None, None, (-1, -1))"
(1X1),"('SAT', 24.481237411499023, 70.8643, 0.271499, 3.900114097632e-05, (1, 1))","('SAT', 20.782086849212646, 36.1361, 0.214598, 1.4079197171670001e-05, (1, 1))","('Unexplored', None, None, None, None, (-1, -1))","('SAT', 17.820852041244507, 11.7325, 0.079227, 2.4871621917549997e-06, (1, 1))","('SAT', 16.86014676094055, 5.1623, 0.048802, 4.223852556606e-07, (1, 1))","('UNSAT', 4.736345529556274, -1, -1, -1, (1, 1))","('UNSAT', 0.663095235824585, -1, -1, -1, (1, 1))","('Unexplored', None, None, None, None, (-1, -1))","('Unexplored', None, None, None, None, (-1, -1))","('Unexplored', None, None, None, None, (-1, -1))","('Unexplored', None, None, None, None, (-1, -1))","('Unexplored', None, None, None, None, (-1, -1))","('Unexplored', None, None, None, None, (-1, -1))","('Unexplored', None, None, None, None, (-1, -1))","('Unexplored', None, None, None, None, (-1, -1))","('Unexplored', None, None, None, None, (-1, -1))","('Unexplored', None, None, None, None, (-1, -1))","('Unexplored', None, None, None, None, (-1, -1))"
(2X1),"('Unexplored', None, None, None, None, (-1, -1))","('Unexplored', None, None, None, None, (-1, -1))","('Unexplored', None, None, None, None, (-1, -1))","('Unexplored', None, None, None, None, (-1, -1))","('Unexplored', None, None, None, None, (-1, -1))","('UNSAT', 3.3533663749694824, -1, -1, -1, (2, 1))","('UNSAT', 2.9044742584228516, -1, -1, -1, (2, 1))","('Unexplored', None, None, None, None, (-1, -1))","('Unexplored', None, None, None, None, (-1, -1))","('Unexplored', None, None, None, None, (-1, -1))","('Unexplored', None, None, None, None, (-1, -1))","('Unexplored', None, None, None, None, (-1, -1))","('Unexplored', None, None, None, None, (-1, -1))","('Unexplored', None, None, None, None, (-1, -1))","('Unexplored', None, None, None, None, (-1, -1))","('Unexplored', None, None, None, None, (-1, -1))","('Unexplored', None, None, None, None, (-1, -1))","('Unexplored', None, None, None, None, (-1, -1))"
(3X1),"('Unexplored', None, None, None, None, (-1, -1))","('Unexplored', None, None, None, None, (-1, -1))","('Unexplored', None, None, None, None, (-1, -1))","('Unexplored', None, None, None, None, (-1, -1))","('Unexplored', None, None, None, None, (-1, -1))","('UNSAT', 2.84893798828125, -1, -1, -1, (3, 1))","('UNSAT', 2.3850157260894775, -1, -1, -1, (3, 1))","('Unexplored', None, None, None, None, (-1, -1))","('Unexplored', None, None, None, None, (-1, -1))","('Unexplored', None, None, None, None, (-1, -1))","('Unexplored', None, None, None, None, (-1, -1))","('Unexplored', None, None, None, None, (-1, -1))","('Unexplored', None, None, None, None, (-1, -1))","('Unexplored', None, None, None, None, (-1, -1))","('Unexplored', None, None, None, None, (-1, -1))","('Unexplored', None, None, None, None, (-1, -1))","('Unexplored', None, None, None, None, (-1, -1))","('Unexplored', None, None, None, None, (-1, -1))"
(4X1),"('Unexplored', None, None, None, None, (-1, -1))","('Unexplored', None, None, None, None, (-1, -1))","('Unexplored', None, None, None, None, (-1, -1))","('Unexplored', None, None, None, None, (-1, -1))","('Unexplored', None, None, None, None, (-1, -1))","('UNSAT', 3.977839708328247, -1, -1, -1, (4, 1))","('UNSAT', 2.423938035964966, -1, -1, -1, (4, 1))","('Unexplored', None, None, None, None, (-1, -1))","('Unexplored', None, None, None, None, (-1, -1))","('Unexplored', None, None, None, None, (-1, -1))","('Unexplored', None, None, None, None, (-1, -1))","('Unexplored', None, None, None, None, (-1, -1))","('Unexplored', None, None, None, None, (-1, -1))","('Unexplored', None, None, None, None, (-1, -1))","('Unexplored', None, None, None, None, (-1, -1))","('Unexplored', None, None, None, None, (-1, -1))","('Unexplored', None, None, None, None, (-1, -1))","('Unexplored', None, None, None, None, (-1, -1))"
(5X1),"('Unexplored', None, None, None, None, (-1, -1))","('Unexplored', None, None, None, None, (-1, -1))","('Unexplored', None, None, None, None, (-1, -1))","('Unexplored', None, None, None, None, (-1, -1))","('Unexplored', None, None, None, None, (-1, -1))","('UNSAT', 2.8610963821411133, -1, -1, -1, (5, 1))","('UNSAT', 2.3871192932128906, -1, -1, -1, (5, 1))","('Unexplored', None, None, None, None, (-1, -1))","('Unexplored', None, None, None, None, (-1, -1))","('Unexplored', None, None, None, None, (-1, -1))","('Unexplored', None, None, None, None, (-1, -1))","('Unexplored', None, None, None, None, (-1, -1))","('Unexplored', None, None, None, None, (-1, -1))","('Unexplored', None, None, None, None, (-1, -1))","('Unexplored', None, None, None, None, (-1, -1))","('Unexplored', None, None, None, None, (-1, -1))","('Unexplored', None, None, None, None, (-1, -1))","('Unexplored', None, None, None, None, (-1, -1))"
(6X1),"('Unexplored', None, None, None, None, (-1, -1))","('Unexplored', None, None, None, None, (-1, -1))","('Unexplored', None, None, None, None, (-1, -1))","('Unexplored', None, None, None, None, (-1, -1))","('Unexplored', None, None, None, None, (-1, -1))","('UNSAT', 2.8605892658233643, -1, -1, -1, (6, 1))","('UNSAT', 2.382450580596924, -1, -1, -1, (6, 1))","('Unexplored', None, None, None, None, (-1, -1))","('Unexplored', None, None, None, None, (-1, -1))","('Unexplored', None, None, None, None, (-1, -1))","('Unexplored', None, None, None, None, (-1, -1))","('Unexplored', None, None, None, None, (-1, -1))","('Unexplored', None, None, None, None, (-1, -1))","('Unexplored', None, None, None, None, (-1, -1))","('Unexplored', None, None, None, None, (-1, -1))","('Unexplored', None, None, None, None, (-1, -1))","('Unexplored', None, None, None, None, (-1, -1))","('Unexplored', None, None, None, None, (-1, -1))"
(7X1),"('Unexplored', None, None, None, None, (-1, -1))","('Unexplored', None, None, None, None, (-1, -1))","('Unexplored', None, None, None, None, (-1, -1))","('Unexplored', None, None, None, None, (-1, -1))","('Unexplored', None, None, None, None, (-1, -1))","('UNSAT', 2.879484176635742, -1, -1, -1, (7, 1))","('UNSAT', 2.387346029281616, -1, -1, -1, (7, 1))","('Unexplored', None, None, None, None, (-1, -1))","('Unexplored', None, None, None, None, (-1, -1))","('Unexplored', None, None, None, None, (-1, -1))","('Unexplored', None, None, None, None, (-1, -1))","('Unexplored', None, None, None, None, (-1, -1))","('Unexplored', None, None, None, None, (-1, -1))","('Unexplored', None, None, None, None, (-1, -1))","('Unexplored', None, None, None, None, (-1, -1))","('Unexplored', None, None, None, None, (-1, -1))","('Unexplored', None, None, None, None, (-1, -1))","('Unexplored', None, None, None, None, (-1, -1))"
(8X1),"('Unexplored', None, None, None, None, (-1, -1))","('Unexplored', None, None, None, None, (-1, -1))","('Unexplored', None, None, None, None, (-1, -1))","('Unexplored', None, None, None, None, (-1, -1))","('Unexplored', None, None, None, None, (-1, -1))","('UNSAT', 3.9912302494049072, -1, -1, -1, (8, 1))","('UNSAT', 2.4236907958984375, -1, -1, -1, (8, 1))","('Unexplored', None, None, None, None, (-1, -1))","('Unexplored', None, None, None, None, (-1, -1))","('Unexplored', None, None, None, None, (-1, -1))","('Unexplored', None, None, None, None, (-1, -1))","('Unexplored', None, None, None, None, (-1, -1))","('Unexplored', None, None, None, None, (-1, -1))","('Unexplored', None, None, None, None, (-1, -1))","('Unexplored', None, None, None, None, (-1, -1))","('Unexplored', None, None, None, None, (-1, -1))","('Unexplored', None, None, None, None, (-1, -1))","('Unexplored', None, None, None, None, (-1, -1))"
(9X1),"('Unexplored', None, None, None, None, (-1, -1))","('Unexplored', None, None, None, None, (-1, -1))","('Unexplored', None, None, None, None, (-1, -1))","('Unexplored', None, None, None, None, (-1, -1))","('Unexplored', None, None, None, None, (-1, -1))","('UNSAT', 2.869089365005493, -1, -1, -1, (9, 1))","('UNSAT', 2.418517827987671, -1, -1, -1, (9, 1))","('Unexplored', None, None, None, None, (-1, -1))","('Unexplored', None, None, None, None, (-1, -1))","('Unexplored', None, None, None, None, (-1, -1))","('Unexplored', None, None, None, None, (-1, -1))","('Unexplored', None, None, None, None, (-1, -1))","('Unexplored', None, None, None, None, (-1, -1))","('Unexplored', None, None, None, None, (-1, -1))","('Unexplored', None, None, None, None, (-1, -1))","('Unexplored', None, None, None, None, (-1, -1))","('Unexplored', None, None, None, None, (-1, -1))","('Unexplored', None, None, None, None, (-1, -1))"
(1X2),"('Unexplored', None, None, None, None, (-1, -1))","('Unexplored', None, None, None, None, (-1, -1))","('Unexplored', None, None, None, None, (-1, -1))","('Unexplored', None, None, None, None, (-1, -1))","('Unexplored', None, None, None, None, (-1, -1))","('UNSAT', 3.868936061859131, -1, -1, -1, (1, 2))","('UNSAT', 2.8166415691375732, -1, -1, -1, (1, 2))","('Unexplored', None, None, None, None, (-1, -1))","('Unexplored', None, None, None, None, (-1, -1))","('Unexplored', None, None, None, None, (-1, -1))","('Unexplored', None, None, None, None, (-1, -1))","('Unexplored', None, None, None, None, (-1, -1))","('Unexplored', None, None, None, None, (-1, -1))","('Unexplored', None, None, None, None, (-1, -1))","('Unexplored', None, None, None, None, (-1, -1))","('Unexplored', None, None, None, None, (-1, -1))","('Unexplored', None, None, None, None, (-1, -1))","('Unexplored', None, None, None, None, (-1, -1))"
(2X2),"('Unexplored', None, None, None, None, (-1, -1))","('Unexplored', None, None, None, None, (-1, -1))","('Unexplored', None, None, None, None, (-1, -1))","('Unexplored', None, None, None, None, (-1, -1))","('Unexplored', None, None, None, None, (-1, -1))","('UNSAT', 3.987847089767456, -1, -1, -1, (2, 2))","('UNSAT', 4.650714635848999, -1, -1, -1, (2, 2))","('Unexplored', None, None, None, None, (-1, -1))","('Unexplored', None, None, None, None, (-1, -1))","('Unexplored', None, None, None, None, (-1, -1))","('Unexplored', None, None, None, None, (-1, -1))","('Unexplored', None, None, None, None, (-1, -1))","('Unexplored', None, None, None, None, (-1, -1))","('Unexplored', None, None, None, None, (-1, -1))","('Unexplored', None, None, None, None, (-1, -1))","('Unexplored', None, None, None, None, (-1, -1))","('Unexplored', None, None, None, None, (-1, -1))","('Unexplored', None, None, None, None, (-1, -1))"
(3X2),"('Unexplored', None, None, None, None, (-1, -1))","('Unexplored', None, None, None, None, (-1, -1))","('Unexplored', None, None, None, None, (-1, -1))","('Unexplored', None, None, None, None, (-1, -1))","('Unexplored', None, None, None, None, (-1, -1))","('SAT', 16.61248517036438, 7.0395, 0.039476, 7.859585480219e-07, (3, 2))","('SAT', 16.68192458152771, 7.0395, 0.039476, 7.859585480219e-07, (3, 2))","('Unexplored', None, None, None, None, (-1, -1))","('Unexplored', None, None, None, None, (-1, -1))","('Unexplored', None, None, None, None, (-1, -1))","('Unexplored', None, None, None, None, (-1, -1))","('Unexplored', None, None, None, None, (-1, -1))","('Unexplored', None, None, None, None, (-1, -1))","('Unexplored', None, None, None, None, (-1, -1))","('Unexplored', None, None, None, None, (-1, -1))","('Unexplored', None, None, None, None, (-1, -1))","('Unexplored', None, None, None, None, (-1, -1))","('Unexplored', None, None, None, None, (-1, -1))"
(4X2),"('Unexplored', None, None, None, None, (-1, -1))","('Unexplored', None, None, None, None, (-1, -1))","('Unexplored', None, None, None, None, (-1, -1))","('Unexplored', None, None, None, None, (-1, -1))","('Unexplored', None, None, None, None, (-1, -1))","('Unexplored', None, None, None, None, (-1, -1))","('Unexplored', None, None, None, None, (-1, -1))","('Unexplored', None, None, None, None, (-1, -1))","('Unexplored', None, None, None, None, (-1, -1))","('Unexplored', None, None, None, None, (-1, -1))","('Unexplored', None, None, None, None, (-1, -1))","('Unexplored', None, None, None, None, (-1, -1))","('Unexplored', None, None, None, None, (-1, -1))","('Unexplored', None, None, None, None, (-1, -1))","('Unexplored', None, None, None, None, (-1, -1))","('Unexplored', None, None, None, None, (-1, -1))","('Unexplored', None, None, None, None, (-1, -1))","('Unexplored', None, None, None, None, (-1, -1))"
(5X2),"('Unexplored', None, None, None, None, (-1, -1))","('Unexplored', None, None, None, None, (-1, -1))","('Unexplored', None, None, None, None, (-1, -1))","('Unexplored', None, None, None, None, (-1, -1))","('Unexplored', None, None, None, None, (-1, -1))","('Unexplored', None, None, None, None, (-1, -1))","('Unexplored', None, None, None, None, (-1, -1))","('Unexplored', None, None, None, None, (-1, -1))","('Unexplored', None, None, None, None, (-1, -1))","('Unexplored', None, None, None, None, (-1, -1))","('Unexplored', None, None, None, None, (-1, -1))","('Unexplored', None, None, None, None, (-1, -1))","('Unexplored', None, None, None, None, (-1, -1))","('Unexplored', None, None, None, None, (-1, -1))","('Unexplored', None, None, None, None, (-1, -1))","('Unexplored', None, None, None, None, (-1, -1))","('Unexplored', None, None, None, None, (-1, -1))","('Unexplored', None, None, None, None, (-1, -1))"
(6X2),"('Unexplored', None, None, None, None, (-1, -1))","('Unexplored', None, None, None, None, (-1, -1))","('Unexplored', None, None, None, None, (-1, -1))","('Unexplored', None, None, None, None, (-1, -1))","('Unexplored', None, None, None, None, (-1, -1))","('Unexplored', None, None, None, None, (-1, -1))","('Unexplored', None, None, None, None, (-1, -1))","('Unexplored', None, None, None, None, (-1, -1))","('Unexplored', None, None, None, None, (-1, -1))","('Unexplored', None, None, None, None, (-1, -1))","('Unexplored', None, None, None, None, (-1, -1))","('Unexplored', None, None, None, None, (-1, -1))","('Unexplored', None, None, None, None, (-1, -1))","('Unexplored', None, None, None, None, (-1, -1))","('Unexplored', None, None, None, None, (-1, -1))","('Unexplored', None, None, None, None, (-1, -1))","('Unexplored', None, None, None, None, (-1, -1))","('Unexplored', None, None, None, None, (-1, -1))"
(7X2),"('Unexplored', None, None, None, None, (-1, -1))","('Unexplored', None, None, None, None, (-1, -1))","('Unexplored', None, None, None, None, (-1, -1))","('Unexplored', None, None, None, None, (-1, -1))","('Unexplored', None, None, None, None, (-1, -1))","('Unexplored', None, None, None, None, (-1, -1))","('Unexplored', None, None, None, None, (-1, -1))","('Unexplored', None, None, None, None, (-1, -1))","('Unexplored', None, None, None, None, (-1, -1))","('Unexplored', None, None, None, None, (-1, -1))","('Unexplored', None, None, None, None, (-1, -1))","('Unexplored', None, None, None, None, (-1, -1))","('Unexplored', None, None, None, None, (-1, -1))","('Unexplored', None, None, None, None, (-1, -1))","('Unexplored', None, None, None, None, (-1, -1))","('Unexplored', None, None, None, None, (-1, -1))","('Unexplored', None, None, None, None, (-1, -1))","('Unexplored', None, None, None, None, (-1, -1))"
(8X2),"('Unexplored', None, None, None, None, (-1, -1))","('Unexplored', None, None, None, None, (-1, -1))","('Unexplored', None, None, None, None, (-1, -1))","('Unexplored', None, None, None, None, (-1, -1))","('Unexplored', None, None, None, None, (-1, -1))","('Unexplored', None, None, None, None, (-1, -1))","('Unexplored', None, None, None, None, (-1, -1))","('Unexplored', None, None, None, None, (-1, -1))","('Unexplored', None, None, None, None, (-1, -1))","('Unexplored', None, None, None, None, (-1, -1))","('Unexplored', None, None, None, None, (-1, -1))","('Unexplored', None, None, None, None, (-1, -1))","('Unexplored', None, None, None, None, (-1, -1))","('Unexplored', None, None, None, None, (-1, -1))","('Unexplored', None, None, None, None, (-1, -1))","('Unexplored', None, None, None, None, (-1, -1))","('Unexplored', None, None, None, None, (-1, -1))","('Unexplored', None, None, None, None, (-1, -1))"
(9X2),"('Unexplored', None, None, None, None, (-1, -1))","('Unexplored', None, None, None, None, (-1, -1))","('Unexplored', None, None, None, None, (-1, -1))","('Unexplored', None, None, None, None, (-1, -1))","('Unexplored', None, None, None, None, (-1, -1))","('Unexplored', None, None, None, None, (-1, -1))","('Unexplored', None, None, None, None, (-1, -1))","('Unexplored', None, None, None, None, (-1, -1))","('Unexplored', None, None, None, None, (-1, -1))","('Unexplored', None, None, None, None, (-1, -1))","('Unexplored', None, None, None, None, (-1, -1))","('Unexplored', None, None, None, None, (-1, -1))","('Unexplored', None, None, None, None, (-1, -1))","('Unexplored', None, None, None, None, (-1, -1))","('Unexplored', None, None, None, None, (-1, -1))","('Unexplored', None, None, None, None, (-1, -1))","('Unexplored', None, None, None, None, (-1, -1))","('Unexplored', None, None, None, None, (-1, -1))"
(1X3),"('Unexplored', None, None, None, None, (-1, -1))","('Unexplored', None, None, None, None, (-1, -1))","('Unexplored', None, None, None, None, (-1, -1))","('Unexplored', None, None, None, None, (-1, -1))","('Unexplored', None, None, None, None, (-1, -1))","('Unexplored', None, None, None, None, (-1, -1))","('Unexplored', None, None, None, None, (-1, -1))","('Unexplored', None, None, None, None, (-1, -1))","('Unexplored', None, None, None, None, (-1, -1))","('Unexplored', None, None, None, None, (-1, -1))","('Unexplored', None, None, None, None, (-1, -1))","('Unexplored', None, None, None, None, (-1, -1))","('Unexplored', None, None, None, None, (-1, -1))","('Unexplored', None, None, None, None, (-1, -1))","('Unexplored', None, None, None, None, (-1, -1))","('Unexplored', None, None, None, None, (-1, -1))","('Unexplored', None, None, None, None, (-1, -1))","('Unexplored', None, None, None, None, (-1, -1))"
(2X3),"('Unexplored', None, None, None, None, (-1, -1))","('Unexplored', None, None, None, None, (-1, -1))","('Unexplored', None, None, None, None, (-1, -1))","('Unexplored', None, None, None, None, (-1, -1))","('Unexplored', None, None, None, None, (-1, -1))","('Unexplored', None, None, None, None, (-1, -1))","('Unexplored', None, None, None, None, (-1, -1))","('Unexplored', None, None, None, None, (-1, -1))","('Unexplored', None, None, None, None, (-1, -1))","('Unexplored', None, None, None, None, (-1, -1))","('Unexplored', None, None, None, None, (-1, -1))","('Unexplored', None, None, None, None, (-1, -1))","('Unexplored', None, None, None, None, (-1, -1))","('Unexplored', None, None, None, None, (-1, -1))","('Unexplored', None, None, None, None, (-1, -1))","('Unexplored', None, None, None, None, (-1, -1))","('Unexplored', None, None, None, None, (-1, -1))","('Unexplored', None, None, None, None, (-1, -1))"
(3X3),"('Unexplored', None, None, None, None, (-1, -1))","('Unexplored', None, None, None, None, (-1, -1))","('Unexplored', None, None, None, None, (-1, -1))","('Unexplored', None, None, None, None, (-1, -1))","('Unexplored', None, None, None, None, (-1, -1))","('Unexplored', None, None, None, None, (-1, -1))","('Unexplored', None, None, None, None, (-1, -1))","('Unexplored', None, None, None, None, (-1, -1))","('Unexplored', None, None, None, None, (-1, -1))","('Unexplored', None, None, None, None, (-1, -1))","('Unexplored', None, None, None, None, (-1, -1))","('Unexplored', None, None, None, None, (-1, -1))","('Unexplored', None, None, None, None, (-1, -1))","('Unexplored', None, None, None, None, (-1, -1))","('Unexplored', None, None, None, None, (-1, -1))","('Unexplored', None, None, None, None, (-1, -1))","('Unexplored', None, None, None, None, (-1, -1))","('Unexplored', None, None, None, None, (-1, -1))"
(4X3),"('Unexplored', None, None, None, None, (-1, -1))","('Unexplored', None, None, None, None, (-1, -1))","('Unexplored', None, None, None, None, (-1, -1))","('Unexplored', None, None, None, None, (-1, -1))","('Unexplored', None, None, None, None, (-1, -1))","('Unexplored', None, None, None, None, (-1, -1))","('Unexplored', None, None, None, None, (-1, -1))","('Unexplored', None, None, None, None, (-1, -1))","('Unexplored', None, None, None, None, (-1, -1))","('Unexplored', None, None, None, None, (-1, -1))","('Unexplored', None, None, None, None, (-1, -1))","('Unexplored', None, None, None, None, (-1, -1))","('Unexplored', None, None, None, None, (-1, -1))","('Unexplored', None, None, None, None, (-1, -1))","('Unexplored', None, None, None, None, (-1, -1))","('Unexplored', None, None, None, None, (-1, -1))","('Unexplored', None, None, None, None, (-1, -1))","('Unexplored', None, None, None, None, (-1, -1))"
(5X3),"('Unexplored', None, None, None, None, (-1, -1))","('Unexplored', None, None, None, None, (-1, -1))","('Unexplored', None, None, None, None, (-1, -1))","('Unexplored', None, None, None, None, (-1, -1))","('Unexplored', None, None, None, None, (-1, -1))","('Unexplored', None, None, None, None, (-1, -1))","('Unexplored', None, None, None, None, (-1, -1))","('Unexplored', None, None, None, None, (-1, -1))","('Unexplored', None, None, None, None, (-1, -1))","('Unexplored', None, None, None, None, (-1, -1))","('Unexplored', None, None, None, None, (-1, -1))","('Unexplored', None, None, None, None, (-1, -1))","('Unexplored', None, None, None, None, (-1, -1))","('Unexplored', None, None, None, None, (-1, -1))","('Unexplored', None, None, None, None, (-1, -1))","('Unexplored', None, None, None, None, (-1, -1))","('Unexplored', None, None, None, None, (-1, -1))","('Unexplored', None, None, None, None, (-1, -1))"
(6X3),"('Unexplored', None, None, None, None, (-1, -1))","('Unexplored', None, None, None, None, (-1, -1))","('Unexplored', None, None, None, None, (-1, -1))","('Unexplored', None, None, None, None, (-1, -1))","('Unexplored', None, None, None, None, (-1, -1))","('Unexplored', None, None, None, None, (-1, -1))","('Unexplored', None, None, None, None, (-1, -1))","('Unexplored', None, None, None, None, (-1, -1))","('Unexplored', None, None, None, None, (-1, -1))","('Unexplored', None, None, None, None, (-1, -1))","('Unexplored', None, None, None, None, (-1, -1))","('Unexplored', None, None, None, None, (-1, -1))","('Unexplored', None, None, None, None, (-1, -1))","('Unexplored', None, None, None, None, (-1, -1))","('Unexplored', None, None, None, None, (-1, -1))","('Unexplored', None, None, None, None, (-1, -1))","('Unexplored', None, None, None, None, (-1, -1))","('Unexplored', None, None, None, None, (-1, -1))"
(7X3),"('Unexplored', None, None, None, None, (-1, -1))","('Unexplored', None, None, None, None, (-1, -1))","('Unexplored', None, None, None, None, (-1, -1))","('Unexplored', None, None, None, None, (-1, -1))","('Unexplored', None, None, None, None, (-1, -1))","('Unexplored', None, None, None, None, (-1, -1))","('Unexplored', None, None, None, None, (-1, -1))","('Unexplored', None, None, None, None, (-1, -1))","('Unexplored', None, None, None, None, (-1, -1))","('Unexplored', None, None, None, None, (-1, -1))","('Unexplored', None, None, None, None, (-1, -1))","('Unexplored', None, None, None, None, (-1, -1))","('Unexplored', None, None, None, None, (-1, -1))","('Unexplored', None, None, None, None, (-1, -1))","('Unexplored', None, None, None, None, (-1, -1))","('Unexplored', None, None, None, None, (-1, -1))","('Unexplored', None, None, None, None, (-1, -1))","('Unexplored', None, None, None, None, (-1, -1))"
(8X3),"('Unexplored', None, None, None, None, (-1, -1))","('Unexplored', None, None, None, None, (-1, -1))","('Unexplored', None, None, None, None, (-1, -1))","('Unexplored', None, None, None, None, (-1, -1))","('Unexplored', None, None, None, None, (-1, -1))","('Unexplored', None, None, None, None, (-1, -1))","('Unexplored', None, None, None, None, (-1, -1))","('Unexplored', None, None, None, None, (-1, -1))","('Unexplored', None, None, None, None, (-1, -1))","('Unexplored', None, None, None, None, (-1, -1))","('Unexplored', None, None, None, None, (-1, -1))","('Unexplored', None, None, None, None, (-1, -1))","('Unexplored', None, None, None, None, (-1, -1))","('Unexplored', None, None, None, None, (-1, -1))","('Unexplored', None, None, None, None, (-1, -1))","('Unexplored', None, None, None, None, (-1, -1))","('Unexplored', None, None, None, None, (-1, -1))","('Unexplored', None, None, None, None, (-1, -1))"
(9X3),"('Unexplored', None, None, None, None, (-1, -1))","('Unexplored', None, None, None, None, (-1, -1))","('Unexplored', None, None, None, None, (-1, -1))","('Unexplored', None, None, None, None, (-1, -1))","('Unexplored', None, None, None, None, (-1, -1))","('Unexplored', None, None, None, None, (-1, -1))","('Unexplored', None, None, None, None, (-1, -1))","('Unexplored', None, None, None, None, (-1, -1))","('Unexplored', None, None, None, None, (-1, -1))","('Unexplored', None, None, None, None, (-1, -1))","('Unexplored', None, None, None, None, (-1, -1))","('Unexplored', None, None, None, None, (-1, -1))","('Unexplored', None, None, None, None, (-1, -1))","('Unexplored', None, None, None, None, (-1, -1))","('Unexplored', None, None, None, None, (-1, -1))","('Unexplored', None, None, None, None, (-1, -1))","('Unexplored', None, None, None, None, (-1, -1))","('Unexplored', None, None, None, None, (-1, -1))"
(1X4),"('Unexplored', None, None, None, None, (-1, -1))","('Unexplored', None, None, None, None, (-1, -1))","('Unexplored', None, None, None, None, (-1, -1))","('Unexplored', None, None, None, None, (-1, -1))","('Unexplored', None, None, None, None, (-1, -1))","('Unexplored', None, None, None, None, (-1, -1))","('Unexplored', None, None, None, None, (-1, -1))","('Unexplored', None, None, None, None, (-1, -1))","('Unexplored', None, None, None, None, (-1, -1))","('Unexplored', None, None, None, None, (-1, -1))","('Unexplored', None, None, None, None, (-1, -1))","('Unexplored', None, None, None, None, (-1, -1))","('Unexplored', None, None, None, None, (-1, -1))","('Unexplored', None, None, None, None, (-1, -1))","('Unexplored', None, None, None, None, (-1, -1))","('Unexplored', None, None, None, None, (-1, -1))","('Unexplored', None, None, None, None, (-1, -1))","('Unexplored', None, None, None, None, (-1, -1))"
(2X4),"('Unexplored', None, None, None, None, (-1, -1))","('Unexplored', None, None, None, None, (-1, -1))","('Unexplored', None, None, None, None, (-1, -1))","('Unexplored', None, None, None, None, (-1, -1))","('Unexplored', None, None, None, None, (-1, -1))","('Unexplored', None, None, None, None, (-1, -1))","('Unexplored', None, None, None, None, (-1, -1))","('Unexplored', None, None, None, None, (-1, -1))","('Unexplored', None, None, None, None, (-1, -1))","('Unexplored', None, None, None, None, (-1, -1))","('Unexplored', None, None, None, None, (-1, -1))","('Unexplored', None, None, None, None, (-1, -1))","('Unexplored', None, None, None, None, (-1, -1))","('Unexplored', None, None, None, None, (-1, -1))","('Unexplored', None, None, None, None, (-1, -1))","('Unexplored', None, None, None, None, (-1, -1))","('Unexplored', None, None, None, None, (-1, -1))","('Unexplored', None, None, None, None, (-1, -1))"
(3X4),"('Unexplored', None, None, None, None, (-1, -1))","('Unexplored', None, None, None, None, (-1, -1))","('Unexplored', None, None, None, None, (-1, -1))","('Unexplored', None, None, None, None, (-1, -1))","('Unexplored', None, None, None, None, (-1, -1))","('Unexplored', None, None, None, None, (-1, -1))","('Unexplored', None, None, None, None, (-1, -1))","('Unexplored', None, None, None, None, (-1, -1))","('Unexplored', None, None, None, None, (-1, -1))","('Unexplored', None, None, None, None, (-1, -1))","('Unexplored', None, None, None, None, (-1, -1))","('Unexplored', None, None, None, None, (-1, -1))","('Unexplored', None, None, None, None, (-1, -1))","('Unexplored', None, None, None, None, (-1, -1))","('Unexplored', None, None, None, None, (-1, -1))","('Unexplored', None, None, None, None, (-1, -1))","('Unexplored', None, None, None, None, (-1, -1))","('Unexplored', None, None, None, None, (-1, -1))"
(4X4),"('Unexplored', None, None, None, None, (-1, -1))","('Unexplored', None, None, None, None, (-1, -1))","('Unexplored', None, None, None, None, (-1, -1))","('Unexplored', None, None, None, None, (-1, -1))","('Unexplored', None, None, None, None, (-1, -1))","('Unexplored', None, None, None, None, (-1, -1))","('Unexplored', None, None, None, None, (-1, -1))","('Unexplored', None, None, None, None, (-1, -1))","('Unexplored', None, None, None, None, (-1, -1))","('Unexplored', None, None, None, None, (-1, -1))","('Unexplored', None, None, None, None, (-1, -1))","('Unexplored', None, None, None, None, (-1, -1))","('Unexplored', None, None, None, None, (-1, -1))","('Unexplored', None, None, None, None, (-1, -1))","('Unexplored', None, None, None, None, (-1, -1))","('Unexplored', None, None, None, None, (-1, -1))","('Unexplored', None, None, None, None, (-1, -1))","('Unexplored', None, None, None, None, (-1, -1))"
(5X4),"('Unexplored', None, None, None, None, (-1, -1))","('Unexplored', None, None, None, None, (-1, -1))","('Unexplored', None, None, None, None, (-1, -1))","('Unexplored', None, None, None, None, (-1, -1))","('Unexplored', None, None, None, None, (-1, -1))","('Unexplored', None, None, None, None, (-1, -1))","('Unexplored', None, None, None, None, (-1, -1))","('Unexplored', None, None, None, None, (-1, -1))","('Unexplored', None, None, None, None, (-1, -1))","('Unexplored', None, None, None, None, (-1, -1))","('Unexplored', None, None, None, None, (-1, -1))","('Unexplored', None, None, None, None, (-1, -1))","('Unexplored', None, None, None, None, (-1, -1))","('Unexplored', None, None, None, None, (-1, -1))","('Unexplored', None, None, None, None, (-1, -1))","('Unexplored', None, None, None, None, (-1, -1))","('Unexplored', None, None, None, None, (-1, -1))","('Unexplored', None, None, None, None, (-1, -1))"
(6X4),"('Unexplored', None, None, None, None, (-1, -1))","('Unexplored', None, None, None, None, (-1, -1))","('Unexplored', None, None, None, None, (-1, -1))","('Unexplored', None, None, None, None, (-1, -1))","('Unexplored', None, None, None, None, (-1, -1))","('Unexplored', None, None, None, None, (-1, -1))","('Unexplored', None, None, None, None, (-1, -1))","('Unexplored', None, None, None, None, (-1, -1))","('Unexplored', None, None, None, None, (-1, -1))","('Unexplored', None, None, None, None, (-1, -1))","('Unexplored', None, None, None, None, (-1, -1))","('Unexplored', None, None, None, None, (-1, -1))","('Unexplored', None, None, None, None, (-1, -1))","('Unexplored', None, None, None, None, (-1, -1))","('Unexplored', None, None, None, None, (-1, -1))","('Unexplored', None, None, None, None, (-1, -1))","('Unexplored', None, None, None, None, (-1, -1))","('Unexplored', None, None, None, None, (-1, -1))"
(7X4),"('Unexplored', None, None, None, None, (-1, -1))","('Unexplored', None, None, None, None, (-1, -1))","('Unexplored', None, None, None, None, (-1, -1))","('Unexplored', None, None, None, None, (-1, -1))","('Unexplored', None, None, None, None, (-1, -1))","('Unexplored', None, None, None, None, (-1, -1))","('Unexplored', None, None, None, None, (-1, -1))","('Unexplored', None, None, None, None, (-1, -1))","('Unexplored', None, None, None, None, (-1, -1))","('Unexplored', None, None, None, None, (-1, -1))","('Unexplored', None, None, None, None, (-1, -1))","('Unexplored', None, None, None, None, (-1, -1))","('Unexplored', None, None, None, None, (-1, -1))","('Unexplored', None, None, None, None, (-1, -1))","('Unexplored', None, None, None, None, (-1, -1))","('Unexplored', None, None, None, None, (-1, -1))","('Unexplored', None, None, None, None, (-1, -1))","('Unexplored', None, None, None, None, (-1, -1))"
(8X4),"('Unexplored', None, None, None, None, (-1, -1))","('Unexplored', None, None, None, None, (-1, -1))","('Unexplored', None, None, None, None, (-1, -1))","('Unexplored', None, None, None, None, (-1, -1))","('Unexplored', None, None, None, None, (-1, -1))","('Unexplored', None, None, None, None, (-1, -1))","('Unexplored', None, None, None, None, (-1, -1))","('Unexplored', None, None, None, None, (-1, -1))","('Unexplored', None, None, None, None, (-1, -1))","('Unexplored', None, None, None, None, (-1, -1))","('Unexplored', None, None, None, None, (-1, -1))","('Unexplored', None, None, None, None, (-1, -1))","('Unexplored', None, None, None, None, (-1, -1))","('Unexplored', None, None, None, None, (-1, -1))","('Unexplored', None, None, None, None, (-1, -1))","('Unexplored', None, None, None, None, (-1, -1))","('Unexplored', None, None, None, None, (-1, -1))","('Unexplored', None, None, None, None, (-1, -1))"
(9X4),"('Unexplored', None, None, None, None, (-1, -1))","('Unexplored', None, None, None, None, (-1, -1))","('Unexplored', None, None, None, None, (-1, -1))","('Unexplored', None, None, None, None, (-1, -1))","('Unexplored', None, None, None, None, (-1, -1))","('Unexplored', None, None, None, None, (-1, -1))","('Unexplored', None, None, None, None, (-1, -1))","('Unexplored', None, None, None, None, (-1, -1))","('Unexplored', None, None, None, None, (-1, -1))","('Unexplored', None, None, None, None, (-1, -1))","('Unexplored', None, None, None, None, (-1, -1))","('Unexplored', None, None, None, None, (-1, -1))","('Unexplored', None, None, None, None, (-1, -1))","('Unexplored', None, None, None, None, (-1, -1))","('Unexplored', None, None, None, None, (-1, -1))","('Unexplored', None, None, None, None, (-1, -1))","('Unexplored', None, None, None, None, (-1, -1))","('Unexplored', None, None, None, None, (-1, -1))"
(1X5),"('Unexplored', None, None, None, None, (-1, -1))","('Unexplored', None, None, None, None, (-1, -1))","('Unexplored', None, None, None, None, (-1, -1))","('Unexplored', None, None, None, None, (-1, -1))","('Unexplored', None, None, None, None, (-1, -1))","('Unexplored', None, None, None, None, (-1, -1))","('Unexplored', None, None, None, None, (-1, -1))","('Unexplored', None, None, None, None, (-1, -1))","('Unexplored', None, None, None, None, (-1, -1))","('Unexplored', None, None, None, None, (-1, -1))","('Unexplored', None, None, None, None, (-1, -1))","('Unexplored', None, None, None, None, (-1, -1))","('Unexplored', None, None, None, None, (-1, -1))","('Unexplored', None, None, None, None, (-1, -1))","('Unexplored', None, None, None, None, (-1, -1))","('Unexplored', None, None, None, None, (-1, -1))","('Unexplored', None, None, None, None, (-1, -1))","('Unexplored', None, None, None, None, (-1, -1))"
(2X5),"('Unexplored', None, None, None, None, (-1, -1))","('Unexplored', None, None, None, None, (-1, -1))","('Unexplored', None, None, None, None, (-1, -1))","('Unexplored', None, None, None, None, (-1, -1))","('Unexplored', None, None, None, None, (-1, -1))","('Unexplored', None, None, None, None, (-1, -1))","('Unexplored', None, None, None, None, (-1, -1))","('Unexplored', None, None, None, None, (-1, -1))","('Unexplored', None, None, None, None, (-1, -1))","('Unexplored', None, None, None, None, (-1, -1))","('Unexplored', None, None, None, None, (-1, -1))","('Unexplored', None, None, None, None, (-1, -1))","('Unexplored', None, None, None, None, (-1, -1))","('Unexplored', None, None, None, None, (-1, -1))","('Unexplored', None, None, None, None, (-1, -1))","('Unexplored', None, None, None, None, (-1, -1))","('Unexplored', None, None, None, None, (-1, -1))","('Unexplored', None, None, None, None, (-1, -1))"
(3X5),"('Unexplored', None, None, None, None, (-1, -1))","('Unexplored', None, None, None, None, (-1, -1))","('Unexplored', None, None, None, None, (-1, -1))","('Unexplored', None, None, None, None, (-1, -1))","('Unexplored', None, None, None, None, (-1, -1))","('Unexplored', None, None, None, None, (-1, -1))","('Unexplored', None, None, None, None, (-1, -1))","('Unexplored', None, None, None, None, (-1, -1))","('Unexplored', None, None, None, None, (-1, -1))","('Unexplored', None, None, None, None, (-1, -1))","('Unexplored', None, None, None, None, (-1, -1))","('Unexplored', None, None, None, None, (-1, -1))","('Unexplored', None, None, None, None, (-1, -1))","('Unexplored', None, None, None, None, (-1, -1))","('Unexplored', None, None, None, None, (-1, -1))","('Unexplored', None, None, None, None, (-1, -1))","('Unexplored', None, None, None, None, (-1, -1))","('Unexplored', None, None, None, None, (-1, -1))"
(4X5),"('Unexplored', None, None, None, None, (-1, -1))","('Unexplored', None, None, None, None, (-1, -1))","('Unexplored', None, None, None, None, (-1, -1))","('Unexplored', None, None, None, None, (-1, -1))","('Unexplored', None, None, None, None, (-1, -1))","('Unexplored', None, None, None, None, (-1, -1))","('Unexplored', None, None, None, None, (-1, -1))","('Unexplored', None, None, None, None, (-1, -1))","('Unexplored', None, None, None, None, (-1, -1))","('Unexplored', None, None, None, None, (-1, -1))","('Unexplored', None, None, None, None, (-1, -1))","('Unexplored', None, None, None, None, (-1, -1))","('Unexplored', None, None, None, None, (-1, -1))","('Unexplored', None, None, None, None, (-1, -1))","('Unexplored', None, None, None, None, (-1, -1))","('Unexplored', None, None, None, None, (-1, -1))","('Unexplored', None, None, None, None, (-1, -1))","('Unexplored', None, None, None, None, (-1, -1))"
(5X5),"('Unexplored', None, None, None, None, (-1, -1))","('Unexplored', None, None, None, None, (-1, -1))","('Unexplored', None, None, None, None, (-1, -1))","('Unexplored', None, None, None, None, (-1, -1))","('Unexplored', None, None, None, None, (-1, -1))","('Unexplored', None, None, None, None, (-1, -1))","('Unexplored', None, None, None, None, (-1, -1))","('Unexplored', None, None, None, None, (-1, -1))","('Unexplored', None, None, None, None, (-1, -1))","('Unexplored', None, None, None, None, (-1, -1))","('Unexplored', None, None, None, None, (-1, -1))","('Unexplored', None, None, None, None, (-1, -1))","('Unexplored', None, None, None, None, (-1, -1))","('Unexplored', None, None, None, None, (-1, -1))","('Unexplored', None, None, None, None, (-1, -1))","('Unexplored', None, None, None, None, (-1, -1))","('Unexplored', None, None, None, None, (-1, -1))","('Unexplored', None, None, None, None, (-1, -1))"
(6X5),"('Unexplored', None, None, None, None, (-1, -1))","('Unexplored', None, None, None, None, (-1, -1))","('Unexplored', None, None, None, None, (-1, -1))","('Unexplored', None, None, None, None, (-1, -1))","('Unexplored', None, None, None, None, (-1, -1))","('Unexplored', None, None, None, None, (-1, -1))","('Unexplored', None, None, None, None, (-1, -1))","('Unexplored', None, None, None, None, (-1, -1))","('Unexplored', None, None, None, None, (-1, -1))","('Unexplored', None, None, None, None, (-1, -1))","('Unexplored', None, None, None, None, (-1, -1))","('Unexplored', None, None, None, None, (-1, -1))","('Unexplored', None, None, None, None, (-1, -1))","('Unexplored', None, None, None, None, (-1, -1))","('Unexplored', None, None, None, None, (-1, -1))","('Unexplored', None, None, None, None, (-1, -1))","('Unexplored', None, None, None, None, (-1, -1))","('Unexplored', None, None, None, None, (-1, -1))"
(7X5),"('Unexplored', None, None, None, None, (-1, -1))","('Unexplored', None, None, None, None, (-1, -1))","('Unexplored', None, None, None, None, (-1, -1))","('Unexplored', None, None, None, None, (-1, -1))","('Unexplored', None, None, None, None, (-1, -1))","('Unexplored', None, None, None, None, (-1, -1))","('Unexplored', None, None, None, None, (-1, -1))","('Unexplored', None, None, None, None, (-1, -1))","('Unexplored', None, None, None, None, (-1, -1))","('Unexplored', None, None, None, None, (-1, -1))","('Unexplored', None, None, None, None, (-1, -1))","('Unexplored', None, None, None, None, (-1, -1))","('Unexplored', None, None, None, None, (-1, -1))","('Unexplored', None, None, None, None, (-1, -1))","('Unexplored', None, None, None, None, (-1, -1))","('Unexplored', None, None, None, None, (-1, -1))","('Unexplored', None, None, None, None, (-1, -1))","('Unexplored', None, None, None, None, (-1, -1))"
(8X5),"('Unexplored', None, None, None, None, (-1, -1))","('Unexplored', None, None, None, None, (-1, -1))","('Unexplored', None, None, None, None, (-1, -1))","('Unexplored', None, None, None, None, (-1, -1))","('Unexplored', None, None, None, None, (-1, -1))","('Unexplored', None, None, None, None, (-1, -1))","('Unexplored', None, None, None, None, (-1, -1))","('Unexplored', None, None, None, None, (-1, -1))","('Unexplored', None, None, None, None, (-1, -1))","('Unexplored', None, None, None, None, (-1, -1))","('Unexplored', None, None, None, None, (-1, -1))","('Unexplored', None, None, None, None, (-1, -1))","('Unexplored', None, None, None, None, (-1, -1))","('Unexplored', None, None, None, None, (-1, -1))","('Unexplored', None, None, None, None, (-1, -1))","('Unexplored', None, None, None, None, (-1, -1))","('Unexplored', None, None, None, None, (-1, -1))","('Unexplored', None, None, None, None, (-1, -1))"
(9X5),"('Unexplored', None, None, None, None, (-1, -1))","('Unexplored', None, None, None, None, (-1, -1))","('Unexplored', None, None, None, None, (-1, -1))","('Unexplored', None, None, None, None, (-1, -1))","('Unexplored', None, None, None, None, (-1, -1))","('Unexplored', None, None, None, None, (-1, -1))","('Unexplored', None, None, None, None, (-1, -1))","('Unexplored', None, None, None, None, (-1, -1))","('Unexplored', None, None, None, None, (-1, -1))","('Unexplored', None, None, None, None, (-1, -1))","('Unexplored', None, None, None, None, (-1, -1))","('Unexplored', None, None, None, None, (-1, -1))","('Unexplored', None, None, None, None, (-1, -1))","('Unexplored', None, None, None, None, (-1, -1))","('Unexplored', None, None, None, None, (-1, -1))","('Unexplored', None, None, None, None, (-1, -1))","('Unexplored', None, None, None, None, (-1, -1))","('Unexplored', None, None, None, None, (-1, -1))"
(1X6),"('Unexplored', None, None, None, None, (-1, -1))","('Unexplored', None, None, None, None, (-1, -1))","('Unexplored', None, None, None, None, (-1, -1))","('Unexplored', None, None, None, None, (-1, -1))","('Unexplored', None, None, None, None, (-1, -1))","('Unexplored', None, None, None, None, (-1, -1))","('Unexplored', None, None, None, None, (-1, -1))","('Unexplored', None, None, None, None, (-1, -1))","('Unexplored', None, None, None, None, (-1, -1))","('Unexplored', None, None, None, None, (-1, -1))","('Unexplored', None, None, None, None, (-1, -1))","('Unexplored', None, None, None, None, (-1, -1))","('Unexplored', None, None, None, None, (-1, -1))","('Unexplored', None, None, None, None, (-1, -1))","('Unexplored', None, None, None, None, (-1, -1))","('Unexplored', None, None, None, None, (-1, -1))","('Unexplored', None, None, None, None, (-1, -1))","('Unexplored', None, None, None, None, (-1, -1))"
(2X6),"('Unexplored', None, None, None, None, (-1, -1))","('Unexplored', None, None, None, None, (-1, -1))","('Unexplored', None, None, None, None, (-1, -1))","('Unexplored', None, None, None, None, (-1, -1))","('Unexplored', None, None, None, None, (-1, -1))","('Unexplored', None, None, None, None, (-1, -1))","('Unexplored', None, None, None, None, (-1, -1))","('Unexplored', None, None, None, None, (-1, -1))","('Unexplored', None, None, None, None, (-1, -1))","('Unexplored', None, None, None, None, (-1, -1))","('Unexplored', None, None, None, None, (-1, -1))","('Unexplored', None, None, None, None, (-1, -1))","('Unexplored', None, None, None, None, (-1, -1))","('Unexplored', None, None, None, None, (-1, -1))","('Unexplored', None, None, None, None, (-1, -1))","('Unexplored', None, None, None, None, (-1, -1))","('Unexplored', None, None, None, None, (-1, -1))","('Unexplored', None, None, None, None, (-1, -1))"
(3X6),"('Unexplored', None, None, None, None, (-1, -1))","('Unexplored', None, None, None, None, (-1, -1))","('Unexplored', None, None, None, None, (-1, -1))","('Unexplored', None, None, None, None, (-1, -1))","('Unexplored', None, None, None, None, (-1, -1))","('Unexplored', None, None, None, None, (-1, -1))","('Unexplored', None, None, None, None, (-1, -1))","('Unexplored', None, None, None, None, (-1, -1))","('Unexplored', None, None, None, None, (-1, -1))","('Unexplored', None, None, None, None, (-1, -1))","('Unexplored', None, None, None, None, (-1, -1))","('Unexplored', None, None, None, None, (-1, -1))","('Unexplored', None, None, None, None, (-1, -1))","('Unexplored', None, None, None, None, (-1, -1))","('Unexplored', None, None, None, None, (-1, -1))","('Unexplored', None, None, None, None, (-1, -1))","('Unexplored', None, None, None, None, (-1, -1))","('Unexplored', None, None, None, None, (-1, -1))"
(4X6),"('Unexplored', None, None, None, None, (-1, -1))","('Unexplored', None, None, None, None, (-1, -1))","('Unexplored', None, None, None, None, (-1, -1))","('Unexplored', None, None, None, None, (-1, -1))","('Unexplored', None, None, None, None, (-1, -1))","('Unexplored', None, None, None, None, (-1, -1))","('Unexplored', None, None, None, None, (-1, -1))","('Unexplored', None, None, None, None, (-1, -1))","('Unexplored', None, None, None, None, (-1, -1))","('Unexplored', None, None, None, None, (-1, -1))","('Unexplored', None, None, None, None, (-1, -1))","('Unexplored', None, None, None, None, (-1, -1))","('Unexplored', None, None, None, None, (-1, -1))","('Unexplored', None, None, None, None, (-1, -1))","('Unexplored', None, None, None, None, (-1, -1))","('Unexplored', None, None, None, None, (-1, -1))","('Unexplored', None, None, None, None, (-1, -1))","('Unexplored', None, None, None, None, (-1, -1))"
(5X6),"('Unexplored', None, None, None, None, (-1, -1))","('Unexplored', None, None, None, None, (-1, -1))","('Unexplored', None, None, None, None, (-1, -1))","('Unexplored', None, None, None, None, (-1, -1))","('Unexplored', None, None, None, None, (-1, -1))","('Unexplored', None, None, None, None, (-1, -1))","('Unexplored', None, None, None, None, (-1, -1))","('Unexplored', None, None, None, None, (-1, -1))","('Unexplored', None, None, None, None, (-1, -1))","('Unexplored', None, None, None, None, (-1, -1))","('Unexplored', None, None, None, None, (-1, -1))","('Unexplored', None, None, None, None, (-1, -1))","('Unexplored', None, None, None, None, (-1, -1))","('Unexplored', None, None, None, None, (-1, -1))","('Unexplored', None, None, None, None, (-1, -1))","('Unexplored', None, None, None, None, (-1, -1))","('Unexplored', None, None, None, None, (-1, -1))","('Unexplored', None, None, None, None, (-1, -1))"
(6X6),"('Unexplored', None, None, None, None, (-1, -1))","('Unexplored', None, None, None, None, (-1, -1))","('Unexplored', None, None, None, None, (-1, -1))","('Unexplored', None, None, None, None, (-1, -1))","('Unexplored', None, None, None, None, (-1, -1))","('Unexplored', None, None, None, None, (-1, -1))","('Unexplored', None, None, None, None, (-1, -1))","('Unexplored', None, None, None, None, (-1, -1))","('Unexplored', None, None, None, None, (-1, -1))","('Unexplored', None, None, None, None, (-1, -1))","('Unexplored', None, None, None, None, (-1, -1))","('Unexplored', None, None, None, None, (-1, -1))","('Unexplored', None, None, None, None, (-1, -1))","('Unexplored', None, None, None, None, (-1, -1))","('Unexplored', None, None, None, None, (-1, -1))","('Unexplored', None, None, None, None, (-1, -1))","('Unexplored', None, None, None, None, (-1, -1))","('Unexplored', None, None, None, None, (-1, -1))"
(7X6),"('Unexplored', None, None, None, None, (-1, -1))","('Unexplored', None, None, None, None, (-1, -1))","('Unexplored', None, None, None, None, (-1, -1))","('Unexplored', None, None, None, None, (-1, -1))","('Unexplored', None, None, None, None, (-1, -1))","('Unexplored', None, None, None, None, (-1, -1))","('Unexplored', None, None, None, None, (-1, -1))","('Unexplored', None, None, None, None, (-1, -1))","('Unexplored', None, None, None, None, (-1, -1))","('Unexplored', None, None, None, None, (-1, -1))","('Unexplored', None, None, None, None, (-1, -1))","('Unexplored', None, None, None, None, (-1, -1))","('Unexplored', None, None, None, None, (-1, -1))","('Unexplored', None, None, None, None, (-1, -1))","('Unexplored', None, None, None, None, (-1, -1))","('Unexplored', None, None, None, None, (-1, -1))","('Unexplored', None, None, None, None, (-1, -1))","('Unexplored', None, None, None, None, (-1, -1))"
(8X6),"('Unexplored', None, None, None, None, (-1, -1))","('Unexplored', None, None, None, None, (-1, -1))","('Unexplored', None, None, None, None, (-1, -1))","('Unexplored', None, None, None, None, (-1, -1))","('Unexplored', None, None, None, None, (-1, -1))","('Unexplored', None, None, None, None, (-1, -1))","('Unexplored', None, None, None, None, (-1, -1))","('Unexplored', None, None, None, None, (-1, -1))","('Unexplored', None, None, None, None, (-1, -1))","('Unexplored', None, None, None, None, (-1, -1))","('Unexplored', None, None, None, None, (-1, -1))","('Unexplored', None, None, None, None, (-1, -1))","('Unexplored', None, None, None, None, (-1, -1))","('Unexplored', None, None, None, None, (-1, -1))","('Unexplored', None, None, None, None, (-1, -1))","('Unexplored', None, None, None, None, (-1, -1))","('Unexplored', None, None, None, None, (-1, -1))","('Unexplored', None, None, None, None, (-1, -1))"
(9X6),"('Unexplored', None, None, None, None, (-1, -1))","('Unexplored', None, None, None, None, (-1, -1))","('Unexplored', None, None, None, None, (-1, -1))","('Unexplored', None, None, None, None, (-1, -1))","('Unexplored', None, None, None, None, (-1, -1))","('Unexplored', None, None, None, None, (-1, -1))","('Unexplored', None, None, None, None, (-1, -1))","('Unexplored', None, None, None, None, (-1, -1))","('Unexplored', None, None, None, None, (-1, -1))","('Unexplored', None, None, None, None, (-1, -1))","('Unexplored', None, None, None, None, (-1, -1))","('Unexplored', None, None, None, None, (-1, -1))","('Unexplored', None, None, None, None, (-1, -1))","('Unexplored', None, None, None, None, (-1, -1))","('Unexplored', None, None, None, None, (-1, -1))","('Unexplored', None, None, None, None, (-1, -1))","('Unexplored', None, None, None, None, (-1, -1))","('Unexplored', None, None, None, None, (-1, -1))"
(1X7),"('Unexplored', None, None, None, None, (-1, -1))","('Unexplored', None, None, None, None, (-1, -1))","('Unexplored', None, None, None, None, (-1, -1))","('Unexplored', None, None, None, None, (-1, -1))","('Unexplored', None, None, None, None, (-1, -1))","('Unexplored', None, None, None, None, (-1, -1))","('Unexplored', None, None, None, None, (-1, -1))","('Unexplored', None, None, None, None, (-1, -1))","('Unexplored', None, None, None, None, (-1, -1))","('Unexplored', None, None, None, None, (-1, -1))","('Unexplored', None, None, None, None, (-1, -1))","('Unexplored', None, None, None, None, (-1, -1))","('Unexplored', None, None, None, None, (-1, -1))","('Unexplored', None, None, None, None, (-1, -1))","('Unexplored', None, None, None, None, (-1, -1))","('Unexplored', None, None, None, None, (-1, -1))","('Unexplored', None, None, None, None, (-1, -1))","('Unexplored', None, None, None, None, (-1, -1))"
(2X7),"('Unexplored', None, None, None, None, (-1, -1))","('Unexplored', None, None, None, None, (-1, -1))","('Unexplored', None, None, None, None, (-1, -1))","('Unexplored', None, None, None, None, (-1, -1))","('Unexplored', None, None, None, None, (-1, -1))","('Unexplored', None, None, None, None, (-1, -1))","('Unexplored', None, None, None, None, (-1, -1))","('Unexplored', None, None, None, None, (-1, -1))","('Unexplored', None, None, None, None, (-1, -1))","('Unexplored', None, None, None, None, (-1, -1))","('Unexplored', None, None, None, None, (-1, -1))","('Unexplored', None, None, None, None, (-1, -1))","('Unexplored', None, None, None, None, (-1, -1))","('Unexplored', None, None, None, None, (-1, -1))","('Unexplored', None, None, None, None, (-1, -1))","('Unexplored', None, None, None, None, (-1, -1))","('Unexplored', None, None, None, None, (-1, -1))","('Unexplored', None, None, None, None, (-1, -1))"
(3X7),"('Unexplored', None, None, None, None, (-1, -1))","('Unexplored', None, None, None, None, (-1, -1))","('Unexplored', None, None, None, None, (-1, -1))","('Unexplored', None, None, None, None, (-1, -1))","('Unexplored', None, None, None, None, (-1, -1))","('Unexplored', None, None, None, None, (-1, -1))","('Unexplored', None, None, None, None, (-1, -1))","('Unexplored', None, None, None, None, (-1, -1))","('Unexplored', None, None, None, None, (-1, -1))","('Unexplored', None, None, None, None, (-1, -1))","('Unexplored', None, None, None, None, (-1, -1))","('Unexplored', None, None, None, None, (-1, -1))","('Unexplored', None, None, None, None, (-1, -1))","('Unexplored', None, None, None, None, (-1, -1))","('Unexplored', None, None, None, None, (-1, -1))","('Unexplored', None, None, None, None, (-1, -1))","('Unexplored', None, None, None, None, (-1, -1))","('Unexplored', None, None, None, None, (-1, -1))"
(4X7),"('Unexplored', None, None, None, None, (-1, -1))","('Unexplored', None, None, None, None, (-1, -1))","('Unexplored', None, None, None, None, (-1, -1))","('Unexplored', None, None, None, None, (-1, -1))","('Unexplored', None, None, None, None, (-1, -1))","('Unexplored', None, None, None, None, (-1, -1))","('Unexplored', None, None, None, None, (-1, -1))","('Unexplored', None, None, None, None, (-1, -1))","('Unexplored', None, None, None, None, (-1, -1))","('Unexplored', None, None, None, None, (-1, -1))","('Unexplored', None, None, None, None, (-1, -1))","('Unexplored', None, None, None, None, (-1, -1))","('Unexplored', None, None, None, None, (-1, -1))","('Unexplored', None, None, None, None, (-1, -1))","('Unexplored', None, None, None, None, (-1, -1))","('Unexplored', None, None, None, None, (-1, -1))","('Unexplored', None, None, None, None, (-1, -1))","('Unexplored', None, None, None, None, (-1, -1))"
(5X7),"('Unexplored', None, None, None, None, (-1, -1))","('Unexplored', None, None, None, None, (-1, -1))","('Unexplored', None, None, None, None, (-1, -1))","('Unexplored', None, None, None, None, (-1, -1))","('Unexplored', None, None, None, None, (-1, -1))","('Unexplored', None, None, None, None, (-1, -1))","('Unexplored', None, None, None, None, (-1, -1))","('Unexplored', None, None, None, None, (-1, -1))","('Unexplored', None, None, None, None, (-1, -1))","('Unexplored', None, None, None, None, (-1, -1))","('Unexplored', None, None, None, None, (-1, -1))","('Unexplored', None, None, None, None, (-1, -1))","('Unexplored', None, None, None, None, (-1, -1))","('Unexplored', None, None, None, None, (-1, -1))","('Unexplored', None, None, None, None, (-1, -1))","('Unexplored', None, None, None, None, (-1, -1))","('Unexplored', None, None, None, None, (-1, -1))","('Unexplored', None, None, None, None, (-1, -1))"
(6X7),"('Unexplored', None, None, None, None, (-1, -1))","('Unexplored', None, None, None, None, (-1, -1))","('Unexplored', None, None, None, None, (-1, -1))","('Unexplored', None, None, None, None, (-1, -1))","('Unexplored', None, None, None, None, (-1, -1))","('Unexplored', None, None, None, None, (-1, -1))","('Unexplored', None, None, None, None, (-1, -1))","('Unexplored', None, None, None, None, (-1, -1))","('Unexplored', None, None, None, None, (-1, -1))","('Unexplored', None, None, None, None, (-1, -1))","('Unexplored', None, None, None, None, (-1, -1))","('Unexplored', None, None, None, None, (-1, -1))","('Unexplored', None, None, None, None, (-1, -1))","('Unexplored', None, None, None, None, (-1, -1))","('Unexplored', None, None, None, None, (-1, -1))","('Unexplored', None, None, None, None, (-1, -1))","('Unexplored', None, None, None, None, (-1, -1))","('Unexplored', None, None, None, None, (-1, -1))"
(7X7),"('Unexplored', None, None, None, None, (-1, -1))","('Unexplored', None, None, None, None, (-1, -1))","('Unexplored', None, None, None, None, (-1, -1))","('Unexplored', None, None, None, None, (-1, -1))","('Unexplored', None, None, None, None, (-1, -1))","('Unexplored', None, None, None, None, (-1, -1))","('Unexplored', None, None, None, None, (-1, -1))","('Unexplored', None, None, None, None, (-1, -1))","('Unexplored', None, None, None, None, (-1, -1))","('Unexplored', None, None, None, None, (-1, -1))","('Unexplored', None, None, None, None, (-1, -1))","('Unexplored', None, None, None, None, (-1, -1))","('Unexplored', None, None, None, None, (-1, -1))","('Unexplored', None, None, None, None, (-1, -1))","('Unexplored', None, None, None, None, (-1, -1))","('Unexplored', None, None, None, None, (-1, -1))","('Unexplored', None, None, None, None, (-1, -1))","('Unexplored', None, None, None, None, (-1, -1))"
(8X7),"('Unexplored', None, None, None, None, (-1, -1))","('Unexplored', None, None, None, None, (-1, -1))","('Unexplored', None, None, None, None, (-1, -1))","('Unexplored', None, None, None, None, (-1, -1))","('Unexplored', None, None, None, None, (-1, -1))","('Unexplored', None, None, None, None, (-1, -1))","('Unexplored', None, None, None, None, (-1, -1))","('Unexplored', None, None, None, None, (-1, -1))","('Unexplored', None, None, None, None, (-1, -1))","('Unexplored', None, None, None, None, (-1, -1))","('Unexplored', None, None, None, None, (-1, -1))","('Unexplored', None, None, None, None, (-1, -1))","('Unexplored', None, None, None, None, (-1, -1))","('Unexplored', None, None, None, None, (-1, -1))","('Unexplored', None, None, None, None, (-1, -1))","('Unexplored', None, None, None, None, (-1, -1))","('Unexplored', None, None, None, None, (-1, -1))","('Unexplored', None, None, None, None, (-1, -1))"
(9X7),"('Unexplored', None, None, None, None, (-1, -1))","('Unexplored', None, None, None, None, (-1, -1))","('Unexplored', None, None, None, None, (-1, -1))","('Unexplored', None, None, None, None, (-1, -1))","('Unexplored', None, None, None, None, (-1, -1))","('Unexplored', None, None, None, None, (-1, -1))","('Unexplored', None, None, None, None, (-1, -1))","('Unexplored', None, None, None, None, (-1, -1))","('Unexplored', None, None, None, None, (-1, -1))","('Unexplored', None, None, None, None, (-1, -1))","('Unexplored', None, None, None, None, (-1, -1))","('Unexplored', None, None, None, None, (-1, -1))","('Unexplored', None, None, None, None, (-1, -1))","('Unexplored', None, None, None, None, (-1, -1))","('Unexplored', None, None, None, None, (-1, -1))","('Unexplored', None, None, None, None, (-1, -1))","('Unexplored', None, None, None, None, (-1, -1))","('Unexplored', None, None, None, None, (-1, -1))"
(1X8),"('Unexplored', None, None, None, None, (-1, -1))","('Unexplored', None, None, None, None, (-1, -1))","('Unexplored', None, None, None, None, (-1, -1))","('Unexplored', None, None, None, None, (-1, -1))","('Unexplored', None, None, None, None, (-1, -1))","('Unexplored', None, None, None, None, (-1, -1))","('Unexplored', None, None, None, None, (-1, -1))","('Unexplored', None, None, None, None, (-1, -1))","('Unexplored', None, None, None, None, (-1, -1))","('Unexplored', None, None, None, None, (-1, -1))","('Unexplored', None, None, None, None, (-1, -1))","('Unexplored', None, None, None, None, (-1, -1))","('Unexplored', None, None, None, None, (-1, -1))","('Unexplored', None, None, None, None, (-1, -1))","('Unexplored', None, None, None, None, (-1, -1))","('Unexplored', None, None, None, None, (-1, -1))","('Unexplored', None, None, None, None, (-1, -1))","('Unexplored', None, None, None, None, (-1, -1))"
(2X8),"('Unexplored', None, None, None, None, (-1, -1))","('Unexplored', None, None, None, None, (-1, -1))","('Unexplored', None, None, None, None, (-1, -1))","('Unexplored', None, None, None, None, (-1, -1))","('Unexplored', None, None, None, None, (-1, -1))","('Unexplored', None, None, None, None, (-1, -1))","('Unexplored', None, None, None, None, (-1, -1))","('Unexplored', None, None, None, None, (-1, -1))","('Unexplored', None, None, None, None, (-1, -1))","('Unexplored', None, None, None, None, (-1, -1))","('Unexplored', None, None, None, None, (-1, -1))","('Unexplored', None, None, None, None, (-1, -1))","('Unexplored', None, None, None, None, (-1, -1))","('Unexplored', None, None, None, None, (-1, -1))","('Unexplored', None, None, None, None, (-1, -1))","('Unexplored', None, None, None, None, (-1, -1))","('Unexplored', None, None, None, None, (-1, -1))","('Unexplored', None, None, None, None, (-1, -1))"
(3X8),"('Unexplored', None, None, None, None, (-1, -1))","('Unexplored', None, None, None, None, (-1, -1))","('Unexplored', None, None, None, None, (-1, -1))","('Unexplored', None, None, None, None, (-1, -1))","('Unexplored', None, None, None, None, (-1, -1))","('Unexplored', None, None, None, None, (-1, -1))","('Unexplored', None, None, None, None, (-1, -1))","('Unexplored', None, None, None, None, (-1, -1))","('Unexplored', None, None, None, None, (-1, -1))","('Unexplored', None, None, None, None, (-1, -1))","('Unexplored', None, None, None, None, (-1, -1))","('Unexplored', None, None, None, None, (-1, -1))","('Unexplored', None, None, None, None, (-1, -1))","('Unexplored', None, None, None, None, (-1, -1))","('Unexplored', None, None, None, None, (-1, -1))","('Unexplored', None, None, None, None, (-1, -1))","('Unexplored', None, None, None, None, (-1, -1))","('Unexplored', None, None, None, None, (-1, -1))"
(4X8),"('Unexplored', None, None, None, None, (-1, -1))","('Unexplored', None, None, None, None, (-1, -1))","('Unexplored', None, None, None, None, (-1, -1))","('Unexplored', None, None, None, None, (-1, -1))","('Unexplored', None, None, None, None, (-1, -1))","('Unexplored', None, None, None, None, (-1, -1))","('Unexplored', None, None, None, None, (-1, -1))","('Unexplored', None, None, None, None, (-1, -1))","('Unexplored', None, None, None, None, (-1, -1))","('Unexplored', None, None, None, None, (-1, -1))","('Unexplored', None, None, None, None, (-1, -1))","('Unexplored', None, None, None, None, (-1, -1))","('Unexplored', None, None, None, None, (-1, -1))","('Unexplored', None, None, None, None, (-1, -1))","('Unexplored', None, None, None, None, (-1, -1))","('Unexplored', None, None, None, None, (-1, -1))","('Unexplored', None, None, None, None, (-1, -1))","('Unexplored', None, None, None, None, (-1, -1))"
(5X8),"('Unexplored', None, None, None, None, (-1, -1))","('Unexplored', None, None, None, None, (-1, -1))","('Unexplored', None, None, None, None, (-1, -1))","('Unexplored', None, None, None, None, (-1, -1))","('Unexplored', None, None, None, None, (-1, -1))","('Unexplored', None, None, None, None, (-1, -1))","('Unexplored', None, None, None, None, (-1, -1))","('Unexplored', None, None, None, None, (-1, -1))","('Unexplored', None, None, None, None, (-1, -1))","('Unexplored', None, None, None, None, (-1, -1))","('Unexplored', None, None, None, None, (-1, -1))","('Unexplored', None, None, None, None, (-1, -1))","('Unexplored', None, None, None, None, (-1, -1))","('Unexplored', None, None, None, None, (-1, -1))","('Unexplored', None, None, None, None, (-1, -1))","('Unexplored', None, None, None, None, (-1, -1))","('Unexplored', None, None, None, None, (-1, -1))","('Unexplored', None, None, None, None, (-1, -1))"
(6X8),"('Unexplored', None, None, None, None, (-1, -1))","('Unexplored', None, None, None, None, (-1, -1))","('Unexplored', None, None, None, None, (-1, -1))","('Unexplored', None, None, None, None, (-1, -1))","('Unexplored', None, None, None, None, (-1, -1))","('Unexplored', None, None, None, None, (-1, -1))","('Unexplored', None, None, None, None, (-1, -1))","('Unexplored', None, None, None, None, (-1, -1))","('Unexplored', None, None, None, None, (-1, -1))","('Unexplored', None, None, None, None, (-1, -1))","('Unexplored', None, None, None, None, (-1, -1))","('Unexplored', None, None, None, None, (-1, -1))","('Unexplored', None, None, None, None, (-1, -1))","('Unexplored', None, None, None, None, (-1, -1))","('Unexplored', None, None, None, None, (-1, -1))","('Unexplored', None, None, None, None, (-1, -1))","('Unexplored', None, None, None, None, (-1, -1))","('Unexplored', None, None, None, None, (-1, -1))"
(7X8),"('Unexplored', None, None, None, None, (-1, -1))","('Unexplored', None, None, None, None, (-1, -1))","('Unexplored', None, None, None, None, (-1, -1))","('Unexplored', None, None, None, None, (-1, -1))","('Unexplored', None, None, None, None, (-1, -1))","('Unexplored', None, None, None, None, (-1, -1))","('Unexplored', None, None, None, None, (-1, -1))","('Unexplored', None, None, None, None, (-1, -1))","('Unexplored', None, None, None, None, (-1, -1))","('Unexplored', None, None, None, None, (-1, -1))","('Unexplored', None, None, None, None, (-1, -1))","('Unexplored', None, None, None, None, (-1, -1))","('Unexplored', None, None, None, None, (-1, -1))","('Unexplored', None, None, None, None, (-1, -1))","('Unexplored', None, None, None, None, (-1, -1))","('Unexplored', None, None, None, None, (-1, -1))","('Unexplored', None, None, None, None, (-1, -1))","('Unexplored', None, None, None, None, (-1, -1))"
(8X8),"('Unexplored', None, None, None, None, (-1, -1))","('Unexplored', None, None, None, None, (-1, -1))","('Unexplored', None, None, None, None, (-1, -1))","('Unexplored', None, None, None, None, (-1, -1))","('Unexplored', None, None, None, None, (-1, -1))","('Unexplored', None, None, None, None, (-1, -1))","('Unexplored', None, None, None, None, (-1, -1))","('Unexplored', None, None, None, None, (-1, -1))","('Unexplored', None, None, None, None, (-1, -1))","('Unexplored', None, None, None, None, (-1, -1))","('Unexplored', None, None, None, None, (-1, -1))","('Unexplored', None, None, None, None, (-1, -1))","('Unexplored', None, None, None, None, (-1, -1))","('Unexplored', None, None, None, None, (-1, -1))","('Unexplored', None, None, None, None, (-1, -1))","('Unexplored', None, None, None, None, (-1, -1))","('Unexplored', None, None, None, None, (-1, -1))","('Unexplored', None, None, None, None, (-1, -1))"
(9X8),"('Unexplored', None, None, None, None, (-1, -1))","('Unexplored', None, None, None, None, (-1, -1))","('Unexplored', None, None, None, None, (-1, -1))","('Unexplored', None, None, None, None, (-1, -1))","('Unexplored', None, None, None, None, (-1, -1))","('Unexplored', None, None, None, None, (-1, -1))","('Unexplored', None, None, None, None, (-1, -1))","('Unexplored', None, None, None, None, (-1, -1))","('Unexplored', None, None, None, None, (-1, -1))","('Unexplored', None, None, None, None, (-1, -1))","('Unexplored', None, None, None, None, (-1, -1))","('Unexplored', None, None, None, None, (-1, -1))","('Unexplored', None, None, None, None, (-1, -1))","('Unexplored', None, None, None, None, (-1, -1))","('Unexplored', None, None, None, None, (-1, -1))","('Unexplored', None, None, None, None, (-1, -1))","('Unexplored', None, None, None, None, (-1, -1))","('Unexplored', None, None, None, None, (-1, -1))"
(1X9),"('Unexplored', None, None, None, None, (-1, -1))","('Unexplored', None, None, None, None, (-1, -1))","('Unexplored', None, None, None, None, (-1, -1))","('Unexplored', None, None, None, None, (-1, -1))","('Unexplored', None, None, None, None, (-1, -1))","('Unexplored', None, None, None, None, (-1, -1))","('Unexplored', None, None, None, None, (-1, -1))","('Unexplored', None, None, None, None, (-1, -1))","('Unexplored', None, None, None, None, (-1, -1))","('Unexplored', None, None, None, None, (-1, -1))","('Unexplored', None, None, None, None, (-1, -1))","('Unexplored', None, None, None, None, (-1, -1))","('Unexplored', None, None, None, None, (-1, -1))","('Unexplored', None, None, None, None, (-1, -1))","('Unexplored', None, None, None, None, (-1, -1))","('Unexplored', None, None, None, None, (-1, -1))","('Unexplored', None, None, None, None, (-1, -1))","('Unexplored', None, None, None, None, (-1, -1))"
(2X9),"('Unexplored', None, None, None, None, (-1, -1))","('Unexplored', None, None, None, None, (-1, -1))","('Unexplored', None, None, None, None, (-1, -1))","('Unexplored', None, None, None, None, (-1, -1))","('Unexplored', None, None, None, None, (-1, -1))","('Unexplored', None, None, None, None, (-1, -1))","('Unexplored', None, None, None, None, (-1, -1))","('Unexplored', None, None, None, None, (-1, -1))","('Unexplored', None, None, None, None, (-1, -1))","('Unexplored', None, None, None, None, (-1, -1))","('Unexplored', None, None, None, None, (-1, -1))","('Unexplored', None, None, None, None, (-1, -1))","('Unexplored', None, None, None, None, (-1, -1))","('Unexplored', None, None, None, None, (-1, -1))","('Unexplored', None, None, None, None, (-1, -1))","('Unexplored', None, None, None, None, (-1, -1))","('Unexplored', None, None, None, None, (-1, -1))","('Unexplored', None, None, None, None, (-1, -1))"
(3X9),"('Unexplored', None, None, None, None, (-1, -1))","('Unexplored', None, None, None, None, (-1, -1))","('Unexplored', None, None, None, None, (-1, -1))","('Unexplored', None, None, None, None, (-1, -1))","('Unexplored', None, None, None, None, (-1, -1))","('Unexplored', None, None, None, None, (-1, -1))","('Unexplored', None, None, None, None, (-1, -1))","('Unexplored', None, None, None, None, (-1, -1))","('Unexplored', None, None, None, None, (-1, -1))","('Unexplored', None, None, None, None, (-1, -1))","('Unexplored', None, None, None, None, (-1, -1))","('Unexplored', None, None, None, None, (-1, -1))","('Unexplored', None, None, None, None, (-1, -1))","('Unexplored', None, None, None, None, (-1, -1))","('Unexplored', None, None, None, None, (-1, -1))","('Unexplored', None, None, None, None, (-1, -1))","('Unexplored', None, None, None, None, (-1, -1))","('Unexplored', None, None, None, None, (-1, -1))"
(4X9),"('Unexplored', None, None, None, None, (-1, -1))","('Unexplored', None, None, None, None, (-1, -1))","('Unexplored', None, None, None, None, (-1, -1))","('Unexplored', None, None, None, None, (-1, -1))","('Unexplored', None, None, None, None, (-1, -1))","('Unexplored', None, None, None, None, (-1, -1))","('Unexplored', None, None, None, None, (-1, -1))","('Unexplored', None, None, None, None, (-1, -1))","('Unexplored', None, None, None, None, (-1, -1))","('Unexplored', None, None, None, None, (-1, -1))","('Unexplored', None, None, None, None, (-1, -1))","('Unexplored', None, None, None, None, (-1, -1))","('Unexplored', None, None, None, None, (-1, -1))","('Unexplored', None, None, None, None, (-1, -1))","('Unexplored', None, None, None, None, (-1, -1))","('Unexplored', None, None, None, None, (-1, -1))","('Unexplored', None, None, None, None, (-1, -1))","('Unexplored', None, None, None, None, (-1, -1))"
(5X9),"('Unexplored', None, None, None, None, (-1, -1))","('Unexplored', None, None, None, None, (-1, -1))","('Unexplored', None, None, None, None, (-1, -1))","('Unexplored', None, None, None, None, (-1, -1))","('Unexplored', None, None, None, None, (-1, -1))","('Unexplored', None, None, None, None, (-1, -1))","('Unexplored', None, None, None, None, (-1, -1))","('Unexplored', None, None, None, None, (-1, -1))","('Unexplored', None, None, None, None, (-1, -1))","('Unexplored', None, None, None, None, (-1, -1))","('Unexplored', None, None, None, None, (-1, -1))","('Unexplored', None, None, None, None, (-1, -1))","('Unexplored', None, None, None, None, (-1, -1))","('Unexplored', None, None, None, None, (-1, -1))","('Unexplored', None, None, None, None, (-1, -1))","('Unexplored', None, None, None, None, (-1, -1))","('Unexplored', None, None, None, None, (-1, -1))","('Unexplored', None, None, None, None, (-1, -1))"
(6X9),"('Unexplored', None, None, None, None, (-1, -1))","('Unexplored', None, None, None, None, (-1, -1))","('Unexplored', None, None, None, None, (-1, -1))","('Unexplored', None, None, None, None, (-1, -1))","('Unexplored', None, None, None, None, (-1, -1))","('Unexplored', None, None, None, None, (-1, -1))","('Unexplored', None, None, None, None, (-1, -1))","('Unexplored', None, None, None, None, (-1, -1))","('Unexplored', None, None, None, None, (-1, -1))","('Unexplored', None, None, None, None, (-1, -1))","('Unexplored', None, None, None, None, (-1, -1))","('Unexplored', None, None, None, None, (-1, -1))","('Unexplored', None, None, None, None, (-1, -1))","('Unexplored', None, None, None, None, (-1, -1))","('Unexplored', None, None, None, None, (-1, -1))","('Unexplored', None, None, None, None, (-1, -1))","('Unexplored', None, None, None, None, (-1, -1))","('Unexplored', None, None, None, None, (-1, -1))"
(7X9),"('Unexplored', None, None, None, None, (-1, -1))","('Unexplored', None, None, None, None, (-1, -1))","('Unexplored', None, None, None, None, (-1, -1))","('Unexplored', None, None, None, None, (-1, -1))","('Unexplored', None, None, None, None, (-1, -1))","('Unexplored', None, None, None, None, (-1, -1))","('Unexplored', None, None, None, None, (-1, -1))","('Unexplored', None, None, None, None, (-1, -1))","('Unexplored', None, None, None, None, (-1, -1))","('Unexplored', None, None, None, None, (-1, -1))","('Unexplored', None, None, None, None, (-1, -1))","('Unexplored', None, None, None, None, (-1, -1))","('Unexplored', None, None, None, None, (-1, -1))","('Unexplored', None, None, None, None, (-1, -1))","('Unexplored', None, None, None, None, (-1, -1))","('Unexplored', None, None, None, None, (-1, -1))","('Unexplored', None, None, None, None, (-1, -1))","('Unexplored', None, None, None, None, (-1, -1))"
(8X9),"('Unexplored', None, None, None, None, (-1, -1))","('Unexplored', None, None, None, None, (-1, -1))","('Unexplored', None, None, None, None, (-1, -1))","('Unexplored', None, None, None, None, (-1, -1))","('Unexplored', None, None, None, None, (-1, -1))","('Unexplored', None, None, None, None, (-1, -1))","('Unexplored', None, None, None, None, (-1, -1))","('Unexplored', None, None, None, None, (-1, -1))","('Unexplored', None, None, None, None, (-1, -1))","('Unexplored', None, None, None, None, (-1, -1))","('Unexplored', None, None, None, None, (-1, -1))","('Unexplored', None, None, None, None, (-1, -1))","('Unexplored', None, None, None, None, (-1, -1))","('Unexplored', None, None, None, None, (-1, -1))","('Unexplored', None, None, None, None, (-1, -1))","('Unexplored', None, None, None, None, (-1, -1))","('Unexplored', None, None, None, None, (-1, -1))","('Unexplored', None, None, None, None, (-1, -1))"
(9X9),"('Unexplored', None, None, None, None, (-1, -1))","('Unexplored', None, None, None, None, (-1, -1))","('Unexplored', None, None, None, None, (-1, -1))","('Unexplored', None, None, None, None, (-1, -1))","('Unexplored', None, None, None, None, (-1, -1))","('Unexplored', None, None, None, None, (-1, -1))","('Unexplored', None, None, None, None, (-1, -1))","('Unexplored', None, None, None, None, (-1, -1))","('Unexplored', None, None, None, None, (-1, -1))","('Unexplored', None, None, None, None, (-1, -1))","('Unexplored', None, None, None, None, (-1, -1))","('Unexplored', None, None, None, None, (-1, -1))","('Unexplored', None, None, None, None, (-1, -1))","('Unexplored', None, None, None, None, (-1, -1))","('Unexplored', None, None, None, None, (-1, -1))","('Unexplored', None, None, None, None, (-1, -1))","('Unexplored', None, None, None, None, (-1, -1))","('Unexplored', None, None, None, None, (-1, -1))"
